11254229033583926824
13666097027791907898
8253336832985180106
8881718638133115966
4747375510190458590
12899701926750114394
13861549136149459386
9793540269549781260
13666097027791907898
13861549136149459386
8881718638133115966
10143269027362212225
2705193315687133214
14960757837086704458
6097591452528145021
4747375510190458590
12899701926750114394
3045144133504701779
13861549136149459386
14960757837086704458
13861549136149459386
12899701926750114394
8881718638133115966
13666097027791907898
13325229060710619579
8881718638133115966
13861549136149459386
14960757837086704458
12899701926750114394
4747375510190458590
12899701926750114394
10383330272380577502
10143269027362212225
2705193315687133214
2888981918026254607
6097591452528145021
11751563841546286831
4747375510190458590
12899701926750114394
10383330272380577502
14960757837086704458
6097591452528145021
3045144133504701779
8881718638133115966
4747375510190458590
11751563841546286831
14960757837086704458
13861549136149459386
1225897951175078056
13861549136149459386
2888981918026254607
4747375510190458590
